,날짜,종가,전일비,시가,고가,저가,거래량
1,2019.06.24,2345.0,15.0,2350.0,2410.0,2335.0,133393.0
2,2019.06.21,2360.0,35.0,2395.0,2440.0,2360.0,290332.0
3,2019.06.20,2395.0,30.0,2380.0,2450.0,2350.0,409001.0
4,2019.06.19,2365.0,45.0,2335.0,2460.0,2305.0,1230953.0
5,2019.06.18,2320.0,10.0,2305.0,2395.0,2305.0,245714.0
9,2019.06.17,2310.0,15.0,2280.0,2365.0,2255.0,191497.0
10,2019.06.14,2295.0,45.0,2340.0,2350.0,2280.0,167611.0
11,2019.06.13,2340.0,20.0,2320.0,2355.0,2305.0,115223.0
12,2019.06.12,2320.0,20.0,2355.0,2360.0,2315.0,152150.0
13,2019.06.11,2340.0,20.0,2395.0,2445.0,2335.0,335795.0
16,2019.06.10,2360.0,15.0,2365.0,2380.0,2330.0,264983.0
17,2019.06.07,2375.0,105.0,2285.0,2445.0,2270.0,1210718.0
18,2019.06.05,2270.0,5.0,2285.0,2300.0,2240.0,134505.0
19,2019.06.04,2275.0,85.0,2190.0,2280.0,2170.0,204586.0
20,2019.06.03,2190.0,20.0,2210.0,2255.0,2150.0,184656.0
24,2019.05.31,2210.0,75.0,2135.0,2220.0,2125.0,280166.0
25,2019.05.30,2135.0,80.0,2200.0,2245.0,2125.0,289145.0
26,2019.05.29,2215.0,70.0,2285.0,2320.0,2210.0,289017.0
27,2019.05.28,2285.0,0.0,2260.0,2320.0,2235.0,452727.0
28,2019.05.27,2285.0,95.0,2160.0,2430.0,2150.0,2866816.0
31,2019.05.24,2190.0,25.0,2205.0,2420.0,2165.0,1106936.0
32,2019.05.23,2215.0,75.0,2120.0,2245.0,2085.0,354995.0
33,2019.05.22,2140.0,50.0,2070.0,2155.0,2065.0,178208.0
34,2019.05.21,2090.0,35.0,2030.0,2125.0,2030.0,165937.0
35,2019.05.20,2055.0,55.0,2105.0,2145.0,2055.0,166092.0
39,2019.05.17,2110.0,10.0,2160.0,2195.0,2110.0,169764.0
40,2019.05.16,2120.0,110.0,2200.0,2250.0,2120.0,261405.0
41,2019.05.15,2230.0,60.0,2170.0,2230.0,2170.0,200525.0
42,2019.05.14,2170.0,35.0,2140.0,2210.0,2095.0,280426.0
43,2019.05.13,2205.0,115.0,2345.0,2345.0,2200.0,278524.0
46,2019.05.10,2320.0,50.0,2230.0,2370.0,2230.0,385847.0
47,2019.05.09,2270.0,80.0,2350.0,2380.0,2200.0,464648.0
48,2019.05.08,2350.0,65.0,2380.0,2415.0,2345.0,321919.0
49,2019.05.07,2415.0,70.0,2410.0,2465.0,2405.0,177741.0
50,2019.05.03,2485.0,60.0,2430.0,2550.0,2425.0,465304.0
54,2019.05.02,2425.0,35.0,2385.0,2445.0,2375.0,151835.0
55,2019.04.30,2390.0,0.0,2440.0,2445.0,2380.0,80142.0
56,2019.04.29,2390.0,0.0,2375.0,2410.0,2340.0,138726.0
57,2019.04.26,2390.0,10.0,2380.0,2400.0,2345.0,160762.0
58,2019.04.25,2400.0,30.0,2420.0,2460.0,2390.0,186560.0
61,2019.04.24,2430.0,5.0,2470.0,2530.0,2425.0,248467.0
62,2019.04.23,2425.0,75.0,2480.0,2480.0,2400.0,293428.0
63,2019.04.22,2500.0,40.0,2570.0,2570.0,2485.0,113512.0
64,2019.04.19,2540.0,0.0,2540.0,2570.0,2470.0,115892.0
65,2019.04.18,2540.0,65.0,2610.0,2635.0,2530.0,167204.0
69,2019.04.17,2605.0,15.0,2590.0,2630.0,2585.0,141666.0
70,2019.04.16,2590.0,75.0,2640.0,2675.0,2555.0,278148.0
71,2019.04.15,2665.0,15.0,2715.0,2720.0,2635.0,329844.0
72,2019.04.12,2650.0,20.0,2650.0,2660.0,2615.0,154292.0
73,2019.04.11,2630.0,5.0,2640.0,2665.0,2610.0,435051.0
76,2019.04.10,2625.0,115.0,2495.0,2645.0,2480.0,711171.0
77,2019.04.09,2510.0,45.0,2560.0,2595.0,2510.0,163200.0
78,2019.04.08,2555.0,45.0,2650.0,2650.0,2435.0,548821.0
79,2019.04.05,2600.0,25.0,2560.0,2635.0,2560.0,191903.0
80,2019.04.04,2575.0,10.0,2565.0,2610.0,2555.0,158941.0
84,2019.04.03,2565.0,65.0,2485.0,2615.0,2485.0,293783.0
85,2019.04.02,2500.0,40.0,2450.0,2505.0,2450.0,110923.0
86,2019.04.01,2460.0,85.0,2435.0,2475.0,2390.0,185838.0
87,2019.03.29,2375.0,5.0,2375.0,2420.0,2335.0,158914.0
88,2019.03.28,2370.0,60.0,2410.0,2470.0,2370.0,156878.0
91,2019.03.27,2430.0,95.0,2515.0,2550.0,2420.0,332106.0
92,2019.03.26,2525.0,25.0,2550.0,2580.0,2505.0,212134.0
93,2019.03.25,2550.0,135.0,2615.0,2645.0,2530.0,328299.0
94,2019.03.22,2685.0,25.0,2670.0,2720.0,2635.0,264247.0
95,2019.03.21,2660.0,15.0,2630.0,2730.0,2615.0,430164.0
99,2019.03.20,2645.0,5.0,2655.0,2675.0,2615.0,140344.0
100,2019.03.19,2650.0,45.0,2610.0,2665.0,2600.0,160920.0
101,2019.03.18,2605.0,0.0,2595.0,2660.0,2595.0,138199.0
102,2019.03.15,2605.0,55.0,2660.0,2670.0,2585.0,202105.0
103,2019.03.14,2660.0,60.0,2590.0,2675.0,2580.0,159174.0
106,2019.03.13,2600.0,55.0,2655.0,2715.0,2580.0,177660.0
107,2019.03.12,2655.0,110.0,2570.0,2700.0,2570.0,280983.0
108,2019.03.11,2545.0,75.0,2595.0,2630.0,2500.0,272854.0
109,2019.03.08,2620.0,50.0,2635.0,2680.0,2575.0,285447.0
110,2019.03.07,2670.0,85.0,2755.0,2765.0,2670.0,248178.0
114,2019.03.06,2755.0,80.0,2675.0,2765.0,2650.0,305671.0
115,2019.03.05,2675.0,0.0,2720.0,2735.0,2665.0,212993.0
116,2019.03.04,2675.0,95.0,2585.0,2720.0,2585.0,360495.0
117,2019.02.28,2580.0,150.0,2760.0,2790.0,2565.0,696539.0
118,2019.02.27,2730.0,20.0,2735.0,2760.0,2690.0,340321.0
121,2019.02.26,2710.0,40.0,2750.0,2790.0,2710.0,364803.0
122,2019.02.25,2750.0,20.0,2760.0,2785.0,2730.0,347493.0
123,2019.02.22,2730.0,10.0,2685.0,2780.0,2685.0,593415.0
124,2019.02.21,2720.0,200.0,2910.0,2915.0,2700.0,1816505.0
125,2019.02.20,2920.0,0.0,2925.0,2965.0,2835.0,903436.0
129,2019.02.19,2920.0,125.0,3035.0,3060.0,2825.0,1896993.0
130,2019.02.18,3045.0,0.0,3130.0,3130.0,3010.0,488950.0
131,2019.02.15,3045.0,125.0,3190.0,3190.0,3015.0,916064.0
132,2019.02.14,3170.0,10.0,3220.0,3225.0,3115.0,658254.0
133,2019.02.13,3160.0,50.0,3145.0,3250.0,3110.0,1350771.0
136,2019.02.12,3110.0,30.0,3145.0,3155.0,3060.0,772652.0
137,2019.02.11,3140.0,110.0,3080.0,3230.0,3065.0,2407242.0
138,2019.02.08,3030.0,10.0,3015.0,3050.0,2950.0,944749.0
139,2019.02.07,3020.0,170.0,2895.0,3035.0,2845.0,1785805.0
140,2019.02.01,2850.0,25.0,2895.0,2900.0,2815.0,566523.0
144,2019.01.31,2875.0,55.0,2860.0,3075.0,2845.0,2772384.0
145,2019.01.30,2820.0,65.0,2920.0,2920.0,2820.0,558013.0
146,2019.01.29,2885.0,0.0,2865.0,2885.0,2820.0,561048.0
147,2019.01.28,2885.0,105.0,2805.0,2900.0,2765.0,1533842.0
148,2019.01.25,2780.0,20.0,2750.0,2780.0,2720.0,469728.0
151,2019.01.24,2760.0,20.0,2785.0,2830.0,2745.0,424115.0
152,2019.01.23,2780.0,75.0,2700.0,2780.0,2675.0,493767.0
153,2019.01.22,2705.0,60.0,2795.0,2795.0,2695.0,426190.0
154,2019.01.21,2765.0,25.0,2815.0,2855.0,2745.0,928686.0
155,2019.01.18,2740.0,50.0,2715.0,2745.0,2670.0,408270.0
159,2019.01.17,2690.0,70.0,2760.0,2780.0,2670.0,490474.0
160,2019.01.16,2760.0,30.0,2725.0,2780.0,2680.0,760887.0
161,2019.01.15,2730.0,5.0,2750.0,2790.0,2695.0,722128.0
162,2019.01.14,2725.0,60.0,2660.0,2820.0,2615.0,2382215.0
163,2019.01.11,2665.0,95.0,2600.0,2800.0,2590.0,3935835.0
166,2019.01.10,2570.0,60.0,2535.0,2620.0,2510.0,751076.0
167,2019.01.09,2510.0,10.0,2540.0,2565.0,2505.0,378768.0
168,2019.01.08,2520.0,125.0,2665.0,2665.0,2520.0,892975.0
169,2019.01.07,2645.0,125.0,2550.0,2645.0,2515.0,1201549.0
170,2019.01.04,2520.0,15.0,2470.0,2680.0,2470.0,1811314.0
174,2019.01.03,2505.0,30.0,2510.0,2550.0,2450.0,746785.0
175,2019.01.02,2535.0,90.0,2485.0,2575.0,2425.0,1848608.0
176,2018.12.28,2445.0,265.0,2160.0,2705.0,2160.0,6966779.0
177,2018.12.27,2180.0,105.0,2120.0,2210.0,2120.0,276173.0
178,2018.12.26,2075.0,125.0,2140.0,2170.0,2060.0,305535.0
181,2018.12.24,2200.0,85.0,2285.0,2295.0,2190.0,297152.0
182,2018.12.21,2285.0,40.0,2305.0,2355.0,2275.0,208402.0
183,2018.12.20,2325.0,60.0,2365.0,2425.0,2320.0,209373.0
184,2018.12.19,2385.0,15.0,2355.0,2405.0,2325.0,242769.0
185,2018.12.18,2370.0,60.0,2270.0,2405.0,2265.0,296572.0
189,2018.12.17,2310.0,5.0,2305.0,2320.0,2245.0,222009.0
190,2018.12.14,2315.0,125.0,2425.0,2440.0,2315.0,323421.0
191,2018.12.13,2440.0,45.0,2415.0,2475.0,2395.0,213546.0
192,2018.12.12,2395.0,145.0,2220.0,2435.0,2220.0,697309.0
193,2018.12.11,2250.0,25.0,2305.0,2370.0,2250.0,283965.0
196,2018.12.10,2275.0,110.0,2340.0,2380.0,2250.0,362229.0
197,2018.12.07,2385.0,20.0,2425.0,2465.0,2325.0,398249.0
198,2018.12.06,2405.0,150.0,2550.0,2560.0,2400.0,461373.0
199,2018.12.05,2555.0,45.0,2550.0,2575.0,2525.0,274727.0
200,2018.12.04,2600.0,70.0,2520.0,2645.0,2520.0,370937.0
204,2018.12.03,2530.0,60.0,2510.0,2535.0,2470.0,286571.0
205,2018.11.30,2470.0,70.0,2580.0,2590.0,2430.0,375963.0
206,2018.11.29,2540.0,75.0,2640.0,2665.0,2530.0,389590.0
207,2018.11.28,2615.0,20.0,2635.0,2675.0,2610.0,223733.0
208,2018.11.27,2635.0,10.0,2625.0,2660.0,2615.0,238113.0
211,2018.11.26,2625.0,110.0,2510.0,2650.0,2510.0,472963.0
212,2018.11.23,2515.0,150.0,2680.0,2710.0,2490.0,626424.0
213,2018.11.22,2665.0,115.0,2780.0,2845.0,2665.0,548321.0
214,2018.11.21,2780.0,55.0,2800.0,2810.0,2720.0,455763.0
215,2018.11.20,2835.0,15.0,2810.0,2850.0,2795.0,357533.0
219,2018.11.19,2850.0,65.0,2775.0,2880.0,2770.0,457040.0
220,2018.11.16,2785.0,20.0,2790.0,2835.0,2760.0,473763.0
221,2018.11.15,2765.0,80.0,2790.0,2830.0,2705.0,686815.0
222,2018.11.14,2845.0,0.0,2830.0,2910.0,2800.0,541152.0
223,2018.11.13,2845.0,120.0,2880.0,2900.0,2745.0,1043289.0
226,2018.11.12,2965.0,20.0,2970.0,3060.0,2880.0,1106332.0
227,2018.11.09,2985.0,5.0,3015.0,3140.0,2950.0,2326969.0
228,2018.11.08,2980.0,15.0,3190.0,3195.0,2960.0,3023786.0
229,2018.11.07,2965.0,115.0,3135.0,3135.0,2850.0,1218676.0
230,2018.11.06,3080.0,115.0,2990.0,3080.0,2945.0,892545.0
234,2018.11.05,2965.0,40.0,2915.0,3155.0,2830.0,1436161.0
235,2018.11.02,2925.0,110.0,2840.0,2940.0,2800.0,844646.0
236,2018.11.01,2815.0,45.0,2820.0,2910.0,2750.0,614063.0
237,2018.10.31,2770.0,115.0,2680.0,2810.0,2625.0,679709.0
238,2018.10.30,2655.0,155.0,2450.0,2680.0,2320.0,1089522.0
241,2018.10.29,2500.0,400.0,2855.0,2960.0,2500.0,1178367.0
242,2018.10.26,2900.0,135.0,3100.0,3145.0,2850.0,2465628.0
243,2018.10.25,3035.0,80.0,2950.0,3120.0,2950.0,556465.0
244,2018.10.24,3115.0,55.0,3205.0,3280.0,3070.0,486276.0
245,2018.10.23,3170.0,120.0,3320.0,3435.0,3170.0,819611.0
249,2018.10.22,3290.0,10.0,3270.0,3310.0,3230.0,176150.0
250,2018.10.19,3300.0,55.0,3225.0,3300.0,3175.0,308976.0
251,2018.10.18,3245.0,5.0,3240.0,3330.0,3220.0,335987.0
252,2018.10.17,3240.0,20.0,3280.0,3310.0,3175.0,527303.0
253,2018.10.16,3220.0,130.0,3075.0,3245.0,3075.0,647709.0
256,2018.10.15,3090.0,50.0,3015.0,3210.0,3010.0,930677.0
257,2018.10.12,3040.0,130.0,2860.0,3085.0,2860.0,1211505.0
258,2018.10.11,2910.0,680.0,3410.0,3490.0,2910.0,2377315.0
259,2018.10.10,3590.0,80.0,3500.0,3615.0,3455.0,905754.0
260,2018.10.08,3510.0,15.0,3445.0,3595.0,3445.0,620501.0
264,2018.10.05,3495.0,10.0,3470.0,3570.0,3440.0,813125.0
265,2018.10.04,3485.0,35.0,3520.0,3580.0,3425.0,993385.0
266,2018.10.02,3520.0,185.0,3645.0,3750.0,3500.0,2054813.0
267,2018.10.01,3705.0,270.0,3975.0,3975.0,3680.0,1924460.0
268,2018.09.28,3975.0,65.0,4080.0,4255.0,3975.0,2508444.0
271,2018.09.27,4040.0,10.0,3970.0,4065.0,3965.0,729551.0
272,2018.09.21,4030.0,155.0,3850.0,4095.0,3815.0,2443844.0
273,2018.09.20,3875.0,70.0,3805.0,3940.0,3775.0,1106449.0
274,2018.09.19,3805.0,95.0,3905.0,3970.0,3780.0,1168941.0
275,2018.09.18,3900.0,10.0,3875.0,4000.0,3875.0,927530.0
279,2018.09.17,3910.0,190.0,4050.0,4070.0,3875.0,1649256.0
280,2018.09.14,4100.0,45.0,4150.0,4195.0,4070.0,1731326.0
281,2018.09.13,4145.0,160.0,4000.0,4345.0,4000.0,6947384.0
282,2018.09.12,3985.0,15.0,3965.0,4040.0,3880.0,1511294.0
283,2018.09.11,4000.0,65.0,4100.0,4145.0,4000.0,1911439.0
286,2018.09.10,4065.0,115.0,3980.0,4070.0,3850.0,2734651.0
287,2018.09.07,3950.0,125.0,3840.0,3965.0,3770.0,2724827.0
288,2018.09.06,3825.0,185.0,4050.0,4400.0,3805.0,9609908.0
289,2018.09.05,4010.0,5.0,3995.0,4125.0,3930.0,3910533.0
290,2018.09.04,4005.0,50.0,3995.0,4185.0,3895.0,8978360.0
294,2018.09.03,3955.0,105.0,3850.0,4050.0,3805.0,10904252.0
295,2018.08.31,3850.0,725.0,3125.0,4030.0,3045.0,36223313.0
296,2018.08.30,3125.0,40.0,3100.0,3195.0,3100.0,741133.0
297,2018.08.29,3085.0,30.0,3055.0,3130.0,3055.0,403940.0
298,2018.08.28,3055.0,30.0,3110.0,3150.0,3040.0,523024.0
301,2018.08.27,3085.0,140.0,3200.0,3210.0,3060.0,1018460.0
302,2018.08.24,3225.0,60.0,3160.0,3290.0,3130.0,1457674.0
303,2018.08.23,3165.0,25.0,3155.0,3225.0,3140.0,699171.0
304,2018.08.22,3140.0,110.0,3230.0,3295.0,3140.0,1086310.0
305,2018.08.21,3250.0,150.0,3125.0,3250.0,3120.0,1399904.0
309,2018.08.20,3100.0,5.0,3100.0,3140.0,3035.0,345470.0
310,2018.08.17,3095.0,0.0,3125.0,3180.0,3065.0,651157.0
311,2018.08.16,3095.0,10.0,3020.0,3130.0,2985.0,550320.0
312,2018.08.14,3085.0,155.0,2930.0,3085.0,2930.0,672507.0
313,2018.08.13,2930.0,120.0,3025.0,3050.0,2890.0,740804.0
316,2018.08.10,3050.0,105.0,3145.0,3200.0,2990.0,635949.0
317,2018.08.09,3155.0,15.0,3145.0,3225.0,3095.0,756597.0
318,2018.08.08,3140.0,75.0,3060.0,3210.0,3055.0,1093289.0
319,2018.08.07,3065.0,75.0,3010.0,3065.0,2975.0,382730.0
320,2018.08.06,2990.0,110.0,3110.0,3130.0,2990.0,558596.0
324,2018.08.03,3100.0,50.0,3170.0,3200.0,3060.0,717919.0
325,2018.08.02,3150.0,65.0,3115.0,3275.0,3065.0,2117733.0
326,2018.08.01,3085.0,20.0,3125.0,3125.0,3060.0,495820.0
327,2018.07.31,3105.0,110.0,2995.0,3120.0,2970.0,992584.0
328,2018.07.30,2995.0,5.0,3020.0,3020.0,2945.0,467617.0
331,2018.07.27,2990.0,80.0,2920.0,3020.0,2865.0,984016.0
332,2018.07.26,2910.0,60.0,2855.0,2930.0,2855.0,567985.0
333,2018.07.25,2850.0,100.0,2975.0,3005.0,2820.0,1017927.0
334,2018.07.24,2950.0,25.0,2965.0,3000.0,2900.0,1143852.0
335,2018.07.23,2925.0,240.0,3165.0,3260.0,2925.0,1756640.0
339,2018.07.20,3165.0,150.0,3290.0,3340.0,3135.0,1541005.0
340,2018.07.19,3315.0,115.0,3205.0,3475.0,3205.0,5964699.0
341,2018.07.18,3200.0,0.0,3125.0,3280.0,3080.0,1551228.0
342,2018.07.17,3200.0,140.0,3340.0,3375.0,3200.0,1463040.0
343,2018.07.16,3340.0,110.0,3265.0,3380.0,3215.0,3128526.0
346,2018.07.13,3230.0,140.0,3130.0,3445.0,3080.0,8010174.0
347,2018.07.12,3090.0,25.0,3120.0,3120.0,3005.0,788125.0
348,2018.07.11,3065.0,0.0,3025.0,3110.0,2995.0,1190706.0
349,2018.07.10,3065.0,275.0,2815.0,3095.0,2815.0,2916656.0
350,2018.07.09,2790.0,30.0,2820.0,2860.0,2760.0,348179.0
354,2018.07.06,2820.0,90.0,2735.0,2850.0,2705.0,475592.0
355,2018.07.05,2730.0,140.0,2870.0,2895.0,2700.0,622383.0
356,2018.07.04,2870.0,50.0,2945.0,2965.0,2835.0,578514.0
357,2018.07.03,2920.0,15.0,2920.0,3020.0,2780.0,984228.0
358,2018.07.02,2905.0,195.0,3125.0,3155.0,2905.0,1184586.0
361,2018.06.29,3100.0,40.0,3110.0,3160.0,2995.0,1138764.0
362,2018.06.28,3060.0,110.0,2945.0,3175.0,2900.0,3634843.0
363,2018.06.27,2950.0,40.0,3040.0,3050.0,2950.0,872879.0
364,2018.06.26,2990.0,50.0,2900.0,3045.0,2845.0,1508120.0
365,2018.06.25,2940.0,290.0,2680.0,3080.0,2680.0,4312892.0
369,2018.06.22,2650.0,10.0,2615.0,2690.0,2570.0,402635.0
370,2018.06.21,2640.0,115.0,2750.0,2750.0,2640.0,488415.0
371,2018.06.20,2755.0,75.0,2650.0,2755.0,2625.0,418248.0
372,2018.06.19,2680.0,120.0,2805.0,2830.0,2665.0,551758.0
373,2018.06.18,2800.0,155.0,2955.0,2960.0,2755.0,916858.0
376,2018.06.15,2955.0,55.0,3015.0,3050.0,2950.0,488137.0
377,2018.06.14,3010.0,35.0,3045.0,3090.0,2975.0,556780.0
378,2018.06.12,3045.0,25.0,3220.0,3290.0,2985.0,4034143.0
379,2018.06.11,3020.0,90.0,2950.0,3040.0,2900.0,580378.0
380,2018.06.08,2930.0,110.0,3040.0,3105.0,2920.0,1042136.0
384,2018.06.07,3040.0,0.0,3055.0,3095.0,3015.0,702309.0
385,2018.06.05,3040.0,35.0,3120.0,3175.0,3005.0,1844341.0
386,2018.06.04,3075.0,120.0,3000.0,3150.0,2985.0,2039942.0
387,2018.06.01,2955.0,55.0,3020.0,3080.0,2935.0,935616.0
388,2018.05.31,3010.0,25.0,3020.0,3100.0,2955.0,1364929.0
391,2018.05.30,2985.0,15.0,3025.0,3085.0,2950.0,1377770.0
392,2018.05.29,3000.0,190.0,2790.0,3040.0,2790.0,2526539.0
393,2018.05.28,2810.0,30.0,2750.0,2850.0,2730.0,405792.0
394,2018.05.25,2780.0,75.0,2840.0,2840.0,2720.0,400731.0
395,2018.05.24,2855.0,20.0,2800.0,2895.0,2800.0,476568.0
399,2018.05.23,2835.0,10.0,2855.0,2885.0,2800.0,554615.0
400,2018.05.21,2825.0,5.0,2835.0,2865.0,2795.0,421415.0
401,2018.05.18,2830.0,140.0,2705.0,2865.0,2705.0,828634.0
402,2018.05.17,2690.0,45.0,2650.0,2735.0,2600.0,375174.0
403,2018.05.16,2645.0,80.0,2725.0,2745.0,2645.0,2663585.0
406,2018.05.15,2725.0,35.0,2780.0,2810.0,2720.0,303476.0
407,2018.05.14,2760.0,15.0,2750.0,2785.0,2660.0,566143.0
408,2018.05.11,2745.0,10.0,2760.0,2760.0,2700.0,230197.0
409,2018.05.10,2735.0,65.0,2670.0,2750.0,2655.0,259213.0
410,2018.05.09,2670.0,55.0,2605.0,2815.0,2535.0,955666.0
414,2018.05.08,2615.0,55.0,2680.0,2745.0,2605.0,397477.0
415,2018.05.04,2670.0,15.0,2660.0,2745.0,2645.0,400893.0
416,2018.05.03,2685.0,70.0,2785.0,2795.0,2675.0,514204.0
417,2018.05.02,2755.0,30.0,2690.0,2755.0,2630.0,707496.0
418,2018.04.30,2725.0,150.0,2860.0,2875.0,2700.0,1184468.0
421,2018.04.27,2875.0,90.0,2970.0,3015.0,2870.0,696477.0
422,2018.04.26,2965.0,60.0,2945.0,3045.0,2905.0,902636.0
423,2018.04.25,2905.0,25.0,2885.0,2970.0,2850.0,592861.0
424,2018.04.24,2930.0,30.0,2970.0,3015.0,2910.0,662618.0
425,2018.04.23,2960.0,210.0,3150.0,3150.0,2960.0,1347066.0
429,2018.04.20,3170.0,90.0,3260.0,3310.0,3165.0,1637165.0
430,2018.04.19,3260.0,160.0,3145.0,3260.0,3015.0,2744422.0
431,2018.04.18,3100.0,110.0,3240.0,3320.0,3090.0,2540480.0
432,2018.04.17,3210.0,145.0,3120.0,3245.0,3095.0,3626660.0
433,2018.04.16,3065.0,80.0,3015.0,3230.0,2980.0,4014332.0
436,2018.04.13,2985.0,75.0,2930.0,3030.0,2850.0,926534.0
437,2018.04.12,2910.0,140.0,3065.0,3110.0,2910.0,1370999.0
438,2018.04.11,3050.0,105.0,2955.0,3175.0,2955.0,5095670.0
439,2018.04.10,2945.0,10.0,2925.0,2955.0,2855.0,817108.0
440,2018.04.09,2935.0,140.0,2765.0,2955.0,2765.0,1925140.0
444,2018.04.06,2795.0,75.0,2725.0,2850.0,2720.0,675594.0
445,2018.04.05,2720.0,20.0,2780.0,2795.0,2715.0,514826.0
446,2018.04.04,2740.0,130.0,2875.0,2900.0,2635.0,843305.0
447,2018.04.03,2870.0,40.0,2865.0,2940.0,2840.0,879259.0
448,2018.04.02,2910.0,110.0,2790.0,2925.0,2785.0,1592382.0
451,2018.03.30,2800.0,55.0,2745.0,2820.0,2745.0,410197.0
452,2018.03.29,2745.0,15.0,2755.0,2810.0,2730.0,471934.0
453,2018.03.28,2760.0,20.0,2700.0,2810.0,2700.0,691800.0
454,2018.03.27,2740.0,90.0,2660.0,2765.0,2660.0,704147.0
455,2018.03.26,2650.0,75.0,2540.0,2660.0,2510.0,421477.0
459,2018.03.23,2575.0,175.0,2630.0,2700.0,2560.0,947288.0
460,2018.03.22,2750.0,110.0,2645.0,2810.0,2635.0,1687075.0
461,2018.03.21,2640.0,60.0,2700.0,2740.0,2635.0,575640.0
462,2018.03.20,2700.0,35.0,2665.0,2750.0,2650.0,552365.0
463,2018.03.19,2665.0,150.0,2840.0,2840.0,2660.0,913337.0
466,2018.03.16,2815.0,5.0,2825.0,2840.0,2775.0,417263.0
467,2018.03.15,2820.0,5.0,2820.0,2845.0,2770.0,503254.0
468,2018.03.14,2825.0,90.0,2905.0,2910.0,2820.0,710560.0
469,2018.03.13,2915.0,60.0,2980.0,2980.0,2880.0,703307.0
470,2018.03.12,2975.0,100.0,2905.0,3020.0,2855.0,1121816.0
474,2018.03.09,2875.0,0.0,2910.0,2945.0,2850.0,939806.0
475,2018.03.08,2875.0,155.0,2775.0,2890.0,2730.0,1072691.0
476,2018.03.07,2720.0,175.0,2885.0,2905.0,2705.0,1102654.0
477,2018.03.06,2895.0,40.0,2970.0,3025.0,2855.0,1227425.0
478,2018.03.05,2935.0,90.0,2845.0,3100.0,2805.0,4264257.0
481,2018.03.02,2845.0,10.0,2800.0,2865.0,2725.0,1363207.0
482,2018.02.28,2835.0,165.0,2985.0,2990.0,2775.0,2093690.0
483,2018.02.27,3000.0,200.0,3200.0,3235.0,2995.0,2616424.0
484,2018.02.26,3200.0,5.0,3220.0,3265.0,3135.0,1983877.0
485,2018.02.23,3195.0,95.0,3295.0,3320.0,3155.0,2371121.0
489,2018.02.22,3290.0,40.0,3290.0,3355.0,3220.0,2984280.0
490,2018.02.21,3330.0,330.0,3105.0,3670.0,3070.0,23632121.0
491,2018.02.20,3000.0,75.0,3140.0,3160.0,2955.0,2711427.0
492,2018.02.19,3075.0,95.0,3050.0,3185.0,3015.0,4184577.0
493,2018.02.14,2980.0,180.0,2890.0,3340.0,2875.0,18893374.0
496,2018.02.13,2800.0,215.0,3090.0,3090.0,2800.0,3220404.0
497,2018.02.12,3015.0,160.0,2945.0,3275.0,2870.0,11287367.0
498,2018.02.09,2855.0,55.0,2690.0,2950.0,2650.0,3705627.0
499,2018.02.08,2800.0,90.0,2810.0,3170.0,2785.0,6560568.0
500,2018.02.07,2890.0,245.0,2695.0,3195.0,2620.0,17042965.0
504,2018.02.06,2645.0,75.0,2620.0,2665.0,2470.0,2804759.0
505,2018.02.05,2720.0,150.0,2725.0,2790.0,2660.0,1936861.0
506,2018.02.02,2870.0,55.0,2910.0,2970.0,2750.0,2623356.0
507,2018.02.01,2925.0,5.0,2880.0,2965.0,2830.0,5274983.0
508,2018.01.31,2920.0,375.0,2540.0,3245.0,2510.0,27166883.0
511,2018.01.30,2545.0,105.0,2450.0,2545.0,2380.0,1443845.0
512,2018.01.29,2440.0,45.0,2485.0,2525.0,2390.0,1470078.0
513,2018.01.26,2485.0,120.0,2400.0,2520.0,2360.0,3175761.0
514,2018.01.25,2365.0,85.0,2280.0,2370.0,2280.0,862190.0
515,2018.01.24,2280.0,80.0,2360.0,2390.0,2250.0,880434.0
519,2018.01.23,2360.0,30.0,2410.0,2415.0,2310.0,973171.0
520,2018.01.22,2390.0,65.0,2385.0,2430.0,2335.0,2678766.0
521,2018.01.19,2325.0,25.0,2315.0,2365.0,2280.0,1093080.0
522,2018.01.18,2300.0,10.0,2290.0,2435.0,2260.0,1518925.0
523,2018.01.17,2290.0,50.0,2370.0,2430.0,2270.0,2843083.0
526,2018.01.16,2340.0,115.0,2235.0,2340.0,2180.0,2213690.0
527,2018.01.15,2225.0,5.0,2195.0,2265.0,2180.0,1142197.0
528,2018.01.12,2220.0,130.0,2320.0,2330.0,2195.0,2071647.0
529,2018.01.11,2350.0,20.0,2270.0,2380.0,2255.0,3130954.0
530,2018.01.10,2330.0,125.0,2370.0,2440.0,2225.0,5859952.0
534,2018.01.09,2455.0,495.0,1970.0,2545.0,1955.0,20215808.0
535,2018.01.08,1960.0,10.0,1955.0,1995.0,1940.0,265607.0
536,2018.01.05,1950.0,10.0,1970.0,2010.0,1925.0,294533.0
537,2018.01.04,1940.0,20.0,1965.0,2000.0,1930.0,267393.0
538,2018.01.03,1960.0,35.0,1920.0,1990.0,1915.0,348628.0
541,2018.01.02,1925.0,40.0,1885.0,1925.0,1885.0,173255.0
542,2017.12.28,1885.0,5.0,1895.0,1940.0,1850.0,329890.0
543,2017.12.27,1880.0,20.0,1860.0,1910.0,1860.0,149908.0
544,2017.12.26,1860.0,30.0,1885.0,1935.0,1835.0,232710.0
545,2017.12.22,1890.0,15.0,1905.0,1940.0,1855.0,276328.0
549,2017.12.21,1905.0,85.0,1990.0,2025.0,1890.0,569573.0
550,2017.12.20,1990.0,60.0,2040.0,2055.0,1990.0,508101.0
551,2017.12.19,2050.0,80.0,1970.0,2125.0,1970.0,2329565.0
552,2017.12.18,1970.0,10.0,1950.0,2025.0,1940.0,433644.0
553,2017.12.15,1960.0,45.0,1920.0,1995.0,1915.0,342941.0
556,2017.12.14,1915.0,20.0,1920.0,1965.0,1915.0,124495.0
557,2017.12.13,1935.0,15.0,1920.0,1965.0,1900.0,192990.0
558,2017.12.12,1920.0,15.0,1935.0,1950.0,1905.0,208225.0
559,2017.12.11,1935.0,60.0,1865.0,1955.0,1865.0,278518.0
560,2017.12.08,1875.0,110.0,1985.0,1985.0,1860.0,424386.0
564,2017.12.07,1985.0,50.0,2035.0,2040.0,1940.0,569630.0
565,2017.12.06,2035.0,25.0,2050.0,2090.0,2020.0,458808.0
566,2017.12.05,2060.0,50.0,2000.0,2060.0,1990.0,404114.0
567,2017.12.04,2010.0,10.0,2020.0,2045.0,1990.0,343365.0
568,2017.12.01,2020.0,40.0,2065.0,2090.0,2010.0,554100.0
571,2017.11.30,2060.0,55.0,2005.0,2115.0,1990.0,1214018.0
572,2017.11.29,2005.0,10.0,1965.0,2045.0,1965.0,446316.0
573,2017.11.28,1995.0,80.0,2065.0,2085.0,1995.0,741670.0
574,2017.11.27,2075.0,10.0,2100.0,2190.0,2030.0,1629614.0
575,2017.11.24,2085.0,85.0,2005.0,2085.0,1980.0,1334457.0
579,2017.11.23,2000.0,20.0,1990.0,2025.0,1980.0,507676.0
580,2017.11.22,1980.0,20.0,2005.0,2030.0,1950.0,563190.0
581,2017.11.21,2000.0,20.0,1995.0,2035.0,1950.0,1387318.0
582,2017.11.20,1980.0,40.0,1955.0,2000.0,1930.0,1071447.0
583,2017.11.17,1940.0,40.0,1915.0,1950.0,1880.0,773974.0
586,2017.11.16,1900.0,30.0,1880.0,1920.0,1820.0,513007.0
587,2017.11.15,1870.0,85.0,1960.0,1980.0,1825.0,820096.0
588,2017.11.14,1955.0,40.0,1935.0,1960.0,1915.0,950561.0
589,2017.11.13,1915.0,10.0,1905.0,1950.0,1900.0,563501.0
590,2017.11.10,1905.0,30.0,1905.0,1935.0,1885.0,965364.0
594,2017.11.09,1935.0,50.0,1890.0,1935.0,1875.0,729934.0
595,2017.11.08,1885.0,130.0,1940.0,1940.0,1870.0,1814866.0
596,2017.11.07,2015.0,5.0,2035.0,2050.0,1975.0,1064782.0
597,2017.11.06,2010.0,35.0,1985.0,2055.0,1945.0,1927048.0
598,2017.11.03,1975.0,35.0,1985.0,1995.0,1935.0,1032640.0
601,2017.11.02,2010.0,130.0,2215.0,2240.0,1980.0,5021054.0
602,2017.11.01,2140.0,55.0,2145.0,2175.0,2090.0,4369124.0
603,2017.10.31,2195.0,410.0,1780.0,2305.0,1775.0,19458666.0
604,2017.10.30,1785.0,10.0,1795.0,1805.0,1765.0,155631.0
605,2017.10.27,1795.0,10.0,1795.0,1815.0,1765.0,280191.0
609,2017.10.26,1805.0,20.0,1795.0,1855.0,1775.0,500196.0
610,2017.10.25,1785.0,5.0,1805.0,1815.0,1770.0,238220.0
611,2017.10.24,1780.0,15.0,1740.0,1815.0,1735.0,315014.0
612,2017.10.23,1765.0,5.0,1795.0,1900.0,1755.0,1582100.0
613,2017.10.20,1770.0,65.0,1710.0,1790.0,1705.0,466382.0
616,2017.10.19,1705.0,40.0,1745.0,1760.0,1700.0,334138.0
617,2017.10.18,1745.0,0.0,1755.0,1815.0,1710.0,516182.0
618,2017.10.17,1745.0,40.0,1755.0,1795.0,1740.0,365121.0
619,2017.10.16,1785.0,55.0,1730.0,1820.0,1665.0,864377.0
620,2017.10.13,1730.0,30.0,1775.0,1790.0,1730.0,251115.0
624,2017.10.12,1760.0,5.0,1755.0,1765.0,1725.0,266188.0
625,2017.10.11,1755.0,70.0,1675.0,1865.0,1675.0,1778633.0
626,2017.10.10,1685.0,40.0,1720.0,1735.0,1675.0,251387.0
627,2017.09.29,1725.0,10.0,1730.0,1765.0,1675.0,344261.0
628,2017.09.28,1715.0,0.0,1705.0,1755.0,1690.0,257284.0
631,2017.09.27,1715.0,35.0,1685.0,1780.0,1640.0,935494.0
632,2017.09.26,1680.0,15.0,1610.0,1695.0,1610.0,597803.0
633,2017.09.25,1665.0,125.0,1790.0,1800.0,1640.0,895138.0
634,2017.09.22,1790.0,225.0,2000.0,2005.0,1740.0,1675911.0
635,2017.09.21,2015.0,40.0,2075.0,2075.0,1970.0,964649.0
639,2017.09.20,2055.0,70.0,2145.0,2145.0,2020.0,1162678.0
640,2017.09.19,2125.0,40.0,2135.0,2160.0,2100.0,1065266.0
641,2017.09.18,2165.0,15.0,2145.0,2190.0,2110.0,1410913.0
642,2017.09.15,2150.0,105.0,2215.0,2270.0,2115.0,1901620.0
643,2017.09.14,2255.0,45.0,2275.0,2415.0,2190.0,4355195.0
646,2017.09.13,2210.0,25.0,2310.0,2640.0,2165.0,13834547.0
647,2017.09.12,2235.0,180.0,2390.0,2405.0,2235.0,3080648.0
648,2017.09.11,2415.0,60.0,2355.0,2415.0,2315.0,3824946.0
649,2017.09.08,2355.0,65.0,2385.0,2410.0,2295.0,4663198.0
650,2017.09.07,2420.0,310.0,2160.0,2625.0,2110.0,24959008.0
654,2017.09.06,2110.0,485.0,1765.0,2110.0,1710.0,16091208.0
655,2017.09.05,1740.0,10.0,1730.0,1750.0,1695.0,877910.0
656,2017.09.04,1750.0,35.0,1730.0,1785.0,1725.0,276112.0
657,2017.09.01,1785.0,15.0,1775.0,1795.0,1770.0,155623.0
658,2017.08.31,1770.0,30.0,1810.0,1835.0,1770.0,205117.0
661,2017.08.30,1800.0,30.0,1790.0,1920.0,1775.0,1176143.0
662,2017.08.29,1770.0,15.0,1805.0,1805.0,1755.0,171489.0
663,2017.08.28,1785.0,15.0,1800.0,1810.0,1780.0,192650.0
664,2017.08.25,1800.0,0.0,1800.0,1815.0,1770.0,246416.0
665,2017.08.24,1800.0,5.0,1805.0,1825.0,1785.0,198597.0
669,2017.08.23,1805.0,15.0,1845.0,1845.0,1790.0,433375.0
670,2017.08.22,1820.0,365.0,1935.0,1940.0,1820.0,1821072.0
671,2017.08.21,2185.0,20.0,2170.0,2210.0,2155.0,34096.0
672,2017.08.18,2165.0,15.0,2150.0,2175.0,2110.0,21123.0
673,2017.08.17,2150.0,45.0,2120.0,2180.0,2115.0,33679.0
676,2017.08.16,2105.0,45.0,2060.0,2120.0,2060.0,24242.0
677,2017.08.14,2060.0,55.0,2115.0,2120.0,2060.0,53293.0
678,2017.08.11,2115.0,65.0,2180.0,2180.0,2080.0,159219.0
679,2017.08.10,2180.0,0.0,2165.0,2190.0,2130.0,88581.0
680,2017.08.09,2180.0,30.0,2210.0,2220.0,2180.0,58170.0
684,2017.08.08,2210.0,15.0,2220.0,2250.0,2170.0,83021.0
685,2017.08.07,2225.0,30.0,2195.0,2225.0,2170.0,40634.0
686,2017.08.04,2195.0,10.0,2190.0,2230.0,2150.0,96346.0
687,2017.08.03,2205.0,55.0,2260.0,2285.0,2200.0,72940.0
688,2017.08.02,2260.0,20.0,2240.0,2280.0,2220.0,64180.0
691,2017.08.01,2240.0,5.0,2220.0,2260.0,2220.0,38670.0
692,2017.07.31,2245.0,15.0,2240.0,2265.0,2230.0,64654.0
693,2017.07.28,2260.0,5.0,2250.0,2265.0,2245.0,82501.0
694,2017.07.27,2265.0,10.0,2240.0,2265.0,2235.0,75072.0
695,2017.07.26,2255.0,15.0,2270.0,2280.0,2245.0,151562.0
699,2017.07.25,2270.0,30.0,2290.0,2320.0,2250.0,102908.0
700,2017.07.24,2300.0,20.0,2320.0,2340.0,2295.0,63946.0
701,2017.07.21,2320.0,15.0,2330.0,2345.0,2305.0,40039.0
702,2017.07.20,2335.0,15.0,2340.0,2340.0,2285.0,111901.0
703,2017.07.19,2320.0,40.0,2370.0,2385.0,2285.0,239951.0
706,2017.07.18,2360.0,25.0,2335.0,2375.0,2325.0,60267.0
707,2017.07.17,2335.0,10.0,2325.0,2470.0,2305.0,120726.0
708,2017.07.14,2325.0,20.0,2345.0,2360.0,2300.0,91622.0
709,2017.07.13,2345.0,20.0,2355.0,2360.0,2340.0,52849.0
710,2017.07.12,2365.0,20.0,2395.0,2395.0,2355.0,44854.0
714,2017.07.11,2385.0,5.0,2380.0,2390.0,2360.0,43016.0
715,2017.07.10,2390.0,10.0,2390.0,2420.0,2375.0,56627.0
716,2017.07.07,2400.0,20.0,2380.0,2405.0,2360.0,73897.0
717,2017.07.06,2380.0,25.0,2405.0,2415.0,2360.0,86216.0
718,2017.07.05,2405.0,5.0,2405.0,2425.0,2385.0,31079.0
721,2017.07.04,2410.0,30.0,2440.0,2440.0,2410.0,45265.0
722,2017.07.03,2440.0,25.0,2475.0,2480.0,2420.0,75046.0
723,2017.06.30,2465.0,35.0,2430.0,2480.0,2430.0,58531.0
724,2017.06.29,2430.0,0.0,2425.0,2450.0,2410.0,56836.0
725,2017.06.28,2430.0,15.0,2425.0,2455.0,2425.0,64337.0
729,2017.06.27,2445.0,5.0,2475.0,2475.0,2415.0,74310.0
730,2017.06.26,2450.0,30.0,2500.0,2500.0,2450.0,60018.0
731,2017.06.23,2480.0,5.0,2460.0,2490.0,2460.0,17985.0
732,2017.06.22,2475.0,25.0,2455.0,2485.0,2455.0,39892.0
733,2017.06.21,2450.0,15.0,2465.0,2490.0,2450.0,49372.0
736,2017.06.20,2465.0,40.0,2540.0,2540.0,2465.0,120973.0
737,2017.06.19,2505.0,10.0,2490.0,2565.0,2490.0,66501.0
738,2017.06.16,2515.0,15.0,2530.0,2565.0,2510.0,67938.0
739,2017.06.15,2530.0,60.0,2615.0,2615.0,2515.0,103569.0
740,2017.06.14,2590.0,0.0,2600.0,2610.0,2575.0,55118.0
744,2017.06.13,2590.0,60.0,2530.0,2610.0,2520.0,229956.0
745,2017.06.12,2530.0,65.0,2460.0,2530.0,2455.0,127050.0
746,2017.06.09,2465.0,20.0,2505.0,2515.0,2460.0,129269.0
747,2017.06.08,2485.0,20.0,2540.0,2540.0,2485.0,108732.0
748,2017.06.07,2505.0,20.0,2525.0,2525.0,2485.0,64597.0
751,2017.06.05,2525.0,10.0,2535.0,2545.0,2515.0,39460.0
752,2017.06.02,2535.0,35.0,2500.0,2545.0,2500.0,90209.0
753,2017.06.01,2500.0,20.0,2525.0,2555.0,2475.0,135056.0
754,2017.05.31,2520.0,55.0,2465.0,2540.0,2455.0,189748.0
755,2017.05.30,2465.0,15.0,2475.0,2485.0,2425.0,83901.0
759,2017.05.29,2450.0,5.0,2470.0,2470.0,2430.0,65491.0
760,2017.05.26,2445.0,10.0,2450.0,2460.0,2430.0,67905.0
761,2017.05.25,2435.0,30.0,2465.0,2470.0,2415.0,137231.0
762,2017.05.24,2465.0,120.0,2355.0,2490.0,2340.0,259283.0
763,2017.05.23,2345.0,10.0,2360.0,2360.0,2325.0,159558.0
766,2017.05.22,2355.0,15.0,2370.0,2375.0,2340.0,90481.0
767,2017.05.19,2370.0,15.0,2385.0,2390.0,2345.0,144786.0
768,2017.05.18,2385.0,15.0,2365.0,2390.0,2350.0,69982.0
769,2017.05.17,2400.0,30.0,2370.0,2405.0,2365.0,68182.0
770,2017.05.16,2370.0,65.0,2450.0,2450.0,2365.0,101755.0
774,2017.05.15,2435.0,40.0,2395.0,2465.0,2370.0,205060.0
775,2017.05.12,2395.0,5.0,2410.0,2425.0,2380.0,65497.0
776,2017.05.11,2400.0,30.0,2440.0,2450.0,2395.0,143966.0
777,2017.05.10,2430.0,10.0,2420.0,2440.0,2415.0,68234.0
778,2017.05.08,2420.0,5.0,2415.0,2430.0,2395.0,96456.0
781,2017.05.04,2415.0,30.0,2385.0,2430.0,2375.0,68703.0
782,2017.05.02,2385.0,35.0,2420.0,2420.0,2360.0,77690.0
783,2017.04.28,2420.0,30.0,2385.0,2425.0,2355.0,121337.0
784,2017.04.27,2390.0,45.0,2435.0,2435.0,2380.0,217427.0
785,2017.04.26,2435.0,10.0,2425.0,2460.0,2405.0,62249.0
789,2017.04.25,2425.0,5.0,2420.0,2450.0,2420.0,35271.0
790,2017.04.24,2420.0,40.0,2460.0,2470.0,2410.0,88559.0
791,2017.04.21,2460.0,0.0,2440.0,2470.0,2430.0,71820.0
792,2017.04.20,2460.0,10.0,2470.0,2480.0,2435.0,80945.0
793,2017.04.19,2470.0,20.0,2450.0,2480.0,2440.0,45604.0
796,2017.04.18,2450.0,15.0,2440.0,2470.0,2425.0,51625.0
797,2017.04.17,2465.0,45.0,2420.0,2465.0,2400.0,41559.0
798,2017.04.14,2420.0,40.0,2460.0,2460.0,2415.0,65845.0
799,2017.04.13,2460.0,30.0,2430.0,2460.0,2430.0,29949.0
800,2017.04.12,2430.0,25.0,2405.0,2430.0,2405.0,49876.0
804,2017.04.11,2405.0,60.0,2360.0,2470.0,2360.0,337465.0
805,2017.04.10,2465.0,75.0,2535.0,2550.0,2430.0,104640.0
806,2017.04.07,2540.0,20.0,2560.0,2565.0,2515.0,74023.0
807,2017.04.06,2560.0,20.0,2560.0,2590.0,2535.0,101002.0
808,2017.04.05,2580.0,20.0,2600.0,2600.0,2555.0,63977.0
811,2017.04.04,2560.0,5.0,2580.0,2585.0,2545.0,108787.0
812,2017.04.03,2565.0,55.0,2510.0,2565.0,2510.0,130185.0
813,2017.03.31,2510.0,20.0,2495.0,2525.0,2490.0,66448.0
814,2017.03.30,2490.0,20.0,2510.0,2530.0,2490.0,54777.0
815,2017.03.29,2510.0,10.0,2520.0,2530.0,2495.0,78609.0
819,2017.03.28,2520.0,20.0,2490.0,2530.0,2480.0,45152.0
820,2017.03.27,2500.0,15.0,2500.0,2525.0,2480.0,38797.0
821,2017.03.24,2515.0,5.0,2495.0,2535.0,2475.0,137855.0
822,2017.03.23,2510.0,5.0,2515.0,2540.0,2490.0,58876.0
823,2017.03.22,2515.0,80.0,2595.0,2595.0,2480.0,86765.0
826,2017.03.21,2595.0,45.0,2640.0,2660.0,2570.0,112254.0
827,2017.03.20,2640.0,80.0,2530.0,2675.0,2525.0,91383.0
828,2017.03.17,2560.0,25.0,2600.0,2600.0,2540.0,42029.0
829,2017.03.16,2585.0,35.0,2550.0,2625.0,2540.0,228370.0
830,2017.03.15,2550.0,10.0,2520.0,2575.0,2515.0,91472.0
834,2017.03.14,2540.0,60.0,2480.0,2550.0,2460.0,146615.0
835,2017.03.13,2480.0,35.0,2440.0,2520.0,2430.0,115798.0
836,2017.03.10,2445.0,15.0,2425.0,2455.0,2400.0,41391.0
837,2017.03.09,2460.0,35.0,2425.0,2475.0,2410.0,69987.0
838,2017.03.08,2425.0,20.0,2445.0,2470.0,2405.0,56025.0
841,2017.03.07,2445.0,5.0,2430.0,2490.0,2430.0,24629.0
842,2017.03.06,2450.0,15.0,2430.0,2465.0,2425.0,48777.0
843,2017.03.03,2465.0,5.0,2470.0,2485.0,2415.0,62015.0
844,2017.03.02,2470.0,15.0,2475.0,2485.0,2455.0,55080.0
845,2017.02.28,2485.0,5.0,2495.0,2515.0,2460.0,96744.0
849,2017.02.27,2480.0,60.0,2555.0,2565.0,2480.0,47334.0
850,2017.02.24,2540.0,10.0,2530.0,2555.0,2500.0,27237.0
851,2017.02.23,2530.0,0.0,2530.0,2570.0,2520.0,53863.0
852,2017.02.22,2530.0,0.0,2540.0,2555.0,2515.0,30620.0
853,2017.02.21,2530.0,50.0,2465.0,2560.0,2465.0,71111.0
856,2017.02.20,2480.0,15.0,2465.0,2490.0,2460.0,47453.0
857,2017.02.17,2465.0,20.0,2435.0,2470.0,2430.0,41936.0
858,2017.02.16,2445.0,25.0,2470.0,2490.0,2445.0,30292.0
859,2017.02.15,2470.0,5.0,2455.0,2490.0,2455.0,22165.0
860,2017.02.14,2475.0,15.0,2485.0,2495.0,2410.0,55389.0
864,2017.02.13,2490.0,50.0,2440.0,2505.0,2440.0,20864.0
865,2017.02.10,2440.0,5.0,2445.0,2480.0,2430.0,23678.0
866,2017.02.09,2445.0,30.0,2400.0,2450.0,2400.0,26422.0
867,2017.02.08,2415.0,35.0,2455.0,2465.0,2415.0,67565.0
868,2017.02.07,2450.0,45.0,2495.0,2500.0,2445.0,78553.0
871,2017.02.06,2495.0,20.0,2520.0,2525.0,2460.0,119335.0
872,2017.02.03,2515.0,35.0,2550.0,2555.0,2485.0,56241.0
873,2017.02.02,2550.0,5.0,2580.0,2585.0,2540.0,52631.0
874,2017.02.01,2555.0,0.0,2555.0,2590.0,2530.0,38493.0
875,2017.01.31,2555.0,60.0,2495.0,2555.0,2480.0,38586.0
879,2017.01.26,2495.0,25.0,2475.0,2505.0,2455.0,122596.0
880,2017.01.25,2470.0,0.0,2470.0,2495.0,2445.0,71940.0
881,2017.01.24,2470.0,80.0,2565.0,2630.0,2455.0,95009.0
882,2017.01.23,2550.0,20.0,2540.0,2565.0,2485.0,56031.0
883,2017.01.20,2570.0,20.0,2580.0,2600.0,2540.0,83502.0
886,2017.01.19,2590.0,5.0,2595.0,2620.0,2565.0,46198.0
887,2017.01.18,2595.0,5.0,2600.0,2610.0,2550.0,32493.0
888,2017.01.17,2600.0,5.0,2605.0,2645.0,2580.0,39222.0
889,2017.01.16,2605.0,5.0,2600.0,2630.0,2575.0,23331.0
890,2017.01.13,2610.0,0.0,2610.0,2620.0,2550.0,49297.0
894,2017.01.12,2610.0,10.0,2620.0,2640.0,2585.0,25074.0
895,2017.01.11,2620.0,0.0,2600.0,2660.0,2600.0,51254.0
896,2017.01.10,2620.0,55.0,2660.0,2680.0,2600.0,66323.0
897,2017.01.09,2675.0,0.0,2675.0,2680.0,2615.0,26915.0
898,2017.01.06,2675.0,15.0,2690.0,2690.0,2640.0,39434.0
901,2017.01.05,2690.0,40.0,2660.0,2705.0,2650.0,63130.0
902,2017.01.04,2650.0,30.0,2620.0,2655.0,2600.0,42801.0
903,2017.01.03,2620.0,55.0,2550.0,2635.0,2550.0,67763.0
904,2017.01.02,2565.0,5.0,2560.0,2580.0,2525.0,63345.0
905,2016.12.29,2560.0,30.0,2530.0,2560.0,2500.0,41727.0
909,2016.12.28,2530.0,55.0,2475.0,2530.0,2470.0,42930.0
910,2016.12.27,2475.0,0.0,2475.0,2480.0,2435.0,56251.0
911,2016.12.26,2475.0,0.0,2475.0,2500.0,2440.0,65789.0
912,2016.12.23,2475.0,5.0,2460.0,2510.0,2460.0,34683.0
913,2016.12.22,2470.0,25.0,2480.0,2520.0,2465.0,103155.0
916,2016.12.21,2495.0,85.0,2580.0,2630.0,2450.0,192435.0
917,2016.12.20,2580.0,50.0,2545.0,2585.0,2525.0,55618.0
918,2016.12.19,2530.0,0.0,2550.0,2565.0,2510.0,15299.0
919,2016.12.16,2530.0,20.0,2545.0,2575.0,2475.0,19633.0
920,2016.12.15,2550.0,45.0,2515.0,2560.0,2485.0,36398.0
924,2016.12.14,2505.0,15.0,2490.0,2510.0,2470.0,34088.0
925,2016.12.13,2490.0,35.0,2430.0,2505.0,2430.0,50364.0
926,2016.12.12,2455.0,45.0,2410.0,2475.0,2385.0,26435.0
927,2016.12.09,2410.0,25.0,2400.0,2410.0,2360.0,28479.0
928,2016.12.08,2385.0,5.0,2425.0,2425.0,2350.0,44266.0
931,2016.12.07,2390.0,30.0,2420.0,2430.0,2380.0,21163.0
932,2016.12.06,2420.0,70.0,2335.0,2420.0,2330.0,52305.0
933,2016.12.05,2350.0,5.0,2300.0,2365.0,2285.0,60398.0
934,2016.12.02,2345.0,15.0,2335.0,2440.0,2290.0,77555.0
935,2016.12.01,2330.0,60.0,2400.0,2440.0,2320.0,74927.0
939,2016.11.30,2390.0,0.0,2375.0,2430.0,2370.0,32039.0
940,2016.11.29,2390.0,10.0,2400.0,2425.0,2350.0,30061.0
941,2016.11.28,2400.0,45.0,2420.0,2440.0,2400.0,26390.0
942,2016.11.25,2445.0,45.0,2400.0,2500.0,2355.0,30909.0
943,2016.11.24,2400.0,95.0,2495.0,2495.0,2400.0,98921.0
946,2016.11.23,2495.0,50.0,2565.0,2565.0,2430.0,64108.0
947,2016.11.22,2545.0,20.0,2535.0,2575.0,2530.0,36312.0
948,2016.11.21,2565.0,65.0,2590.0,2630.0,2545.0,57949.0
949,2016.11.18,2630.0,15.0,2640.0,2660.0,2515.0,56809.0
950,2016.11.17,2645.0,25.0,2620.0,2645.0,2595.0,35558.0
954,2016.11.16,2620.0,115.0,2505.0,2715.0,2470.0,186295.0
955,2016.11.15,2505.0,5.0,2520.0,2560.0,2400.0,43919.0
956,2016.11.14,2500.0,25.0,2500.0,2575.0,2470.0,77762.0
957,2016.11.11,2475.0,5.0,2490.0,2495.0,2420.0,61760.0
958,2016.11.10,2470.0,100.0,2375.0,2515.0,2375.0,32050.0
961,2016.11.09,2370.0,90.0,2485.0,2565.0,2230.0,145022.0
962,2016.11.08,2460.0,40.0,2540.0,2540.0,2440.0,86129.0
963,2016.11.07,2500.0,50.0,2500.0,2515.0,2450.0,50810.0
964,2016.11.04,2450.0,50.0,2360.0,2500.0,2360.0,22311.0
965,2016.11.03,2400.0,50.0,2275.0,2400.0,2275.0,90537.0
969,2016.11.02,2350.0,190.0,2545.0,2565.0,2340.0,176345.0
970,2016.11.01,2540.0,30.0,2565.0,2565.0,2500.0,55886.0
971,2016.10.31,2510.0,140.0,2640.0,2675.0,2485.0,138338.0
972,2016.10.28,2650.0,50.0,2700.0,2700.0,2610.0,89598.0
973,2016.10.27,2700.0,25.0,2625.0,2755.0,2625.0,82537.0
976,2016.10.26,2675.0,100.0,2775.0,2775.0,2650.0,90974.0
977,2016.10.25,2775.0,60.0,2835.0,2850.0,2705.0,79966.0
978,2016.10.24,2835.0,5.0,2830.0,2860.0,2810.0,26117.0
979,2016.10.21,2830.0,50.0,2805.0,2875.0,2805.0,106174.0
980,2016.10.20,2880.0,25.0,2930.0,2930.0,2840.0,62555.0
984,2016.10.19,2905.0,0.0,2905.0,2920.0,2865.0,27402.0
985,2016.10.18,2905.0,15.0,2885.0,2925.0,2885.0,30290.0
986,2016.10.17,2890.0,110.0,3000.0,3035.0,2885.0,110626.0
987,2016.10.14,3000.0,10.0,3030.0,3055.0,2985.0,61731.0
988,2016.10.13,3010.0,30.0,3040.0,3075.0,3000.0,61786.0
991,2016.10.12,3040.0,45.0,3095.0,3095.0,3000.0,100933.0
992,2016.10.11,3085.0,90.0,2970.0,3140.0,2970.0,164504.0
993,2016.10.10,2995.0,20.0,3070.0,3070.0,2965.0,38404.0
994,2016.10.07,3015.0,40.0,3055.0,3090.0,3015.0,49019.0
995,2016.10.06,3055.0,55.0,3000.0,3095.0,2980.0,106709.0
999,2016.10.05,3000.0,30.0,3030.0,3030.0,2975.0,54088.0
1000,2016.10.04,3030.0,40.0,2960.0,3055.0,2955.0,46239.0
1001,2016.09.30,2990.0,65.0,3100.0,3100.0,2960.0,52467.0
1002,2016.09.29,3055.0,5.0,3100.0,3100.0,3015.0,46441.0
1003,2016.09.28,3060.0,25.0,3045.0,3090.0,3040.0,81293.0
1006,2016.09.27,3085.0,15.0,3095.0,3095.0,3040.0,87223.0
1007,2016.09.26,3100.0,80.0,3030.0,3100.0,3005.0,136309.0
1008,2016.09.23,3020.0,25.0,3030.0,3030.0,2970.0,54765.0
1009,2016.09.22,2995.0,5.0,2990.0,3020.0,2945.0,89213.0
1010,2016.09.21,2990.0,10.0,3030.0,3030.0,2970.0,30674.0
1014,2016.09.20,2980.0,0.0,3020.0,3030.0,2950.0,43469.0
1015,2016.09.19,2980.0,75.0,2960.0,2980.0,2905.0,41206.0
1016,2016.09.13,2905.0,60.0,2850.0,2940.0,2845.0,32277.0
1017,2016.09.12,2845.0,30.0,2780.0,2935.0,2780.0,51010.0
1018,2016.09.09,2875.0,20.0,2855.0,2930.0,2760.0,81549.0
1021,2016.09.08,2855.0,45.0,2900.0,2915.0,2855.0,89412.0
1022,2016.09.07,2900.0,55.0,2955.0,2975.0,2885.0,65859.0
1023,2016.09.06,2955.0,0.0,3015.0,3015.0,2930.0,27875.0
1024,2016.09.05,2955.0,15.0,2950.0,2990.0,2915.0,53069.0
1025,2016.09.02,2970.0,20.0,3005.0,3045.0,2965.0,19689.0
1029,2016.09.01,2950.0,0.0,2950.0,2975.0,2890.0,52515.0
1030,2016.08.31,2950.0,5.0,3000.0,3000.0,2920.0,41842.0
1031,2016.08.30,2945.0,45.0,2875.0,3020.0,2875.0,69988.0
1032,2016.08.29,2900.0,90.0,2920.0,3050.0,2860.0,84890.0
1033,2016.08.26,2990.0,60.0,3050.0,3070.0,2975.0,57821.0
1036,2016.08.25,3050.0,20.0,3010.0,3065.0,2995.0,109855.0
1037,2016.08.24,3030.0,10.0,2990.0,3080.0,2990.0,67438.0
1038,2016.08.23,3040.0,40.0,3000.0,3060.0,3000.0,72548.0
1039,2016.08.22,3000.0,120.0,3120.0,3120.0,3000.0,111482.0
1040,2016.08.19,3120.0,35.0,3155.0,3190.0,3040.0,137825.0
1044,2016.08.18,3155.0,35.0,3160.0,3200.0,3150.0,50685.0
1045,2016.08.17,3190.0,40.0,3200.0,3240.0,3155.0,116952.0
1046,2016.08.16,3230.0,15.0,3240.0,3245.0,3200.0,93650.0
1047,2016.08.12,3215.0,20.0,3225.0,3230.0,3185.0,91485.0
1048,2016.08.11,3195.0,30.0,3170.0,3240.0,3165.0,146489.0
1051,2016.08.10,3165.0,75.0,3240.0,3250.0,3165.0,76006.0
1052,2016.08.09,3240.0,55.0,3195.0,3250.0,3170.0,67764.0
1053,2016.08.08,3185.0,25.0,3150.0,3220.0,3100.0,47427.0
1054,2016.08.05,3160.0,35.0,3155.0,3195.0,3140.0,78747.0
1055,2016.08.04,3125.0,100.0,3225.0,3260.0,3120.0,208598.0
1059,2016.08.03,3225.0,55.0,3245.0,3280.0,3160.0,139878.0
1060,2016.08.02,3280.0,25.0,3275.0,3340.0,3250.0,146007.0
1061,2016.08.01,3305.0,105.0,3415.0,3420.0,3300.0,273276.0
1062,2016.07.29,3410.0,140.0,3300.0,3440.0,3295.0,599068.0
1063,2016.07.28,3270.0,30.0,3225.0,3295.0,3225.0,91552.0
1066,2016.07.27,3240.0,50.0,3295.0,3295.0,3155.0,156949.0
1067,2016.07.26,3290.0,5.0,3335.0,3335.0,3230.0,140003.0
1068,2016.07.25,3295.0,55.0,3240.0,3315.0,3220.0,160000.0
1069,2016.07.22,3240.0,45.0,3310.0,3310.0,3210.0,131257.0
1070,2016.07.21,3285.0,50.0,3245.0,3330.0,3185.0,349103.0
1074,2016.07.20,3235.0,20.0,3255.0,3285.0,3200.0,129504.0
1075,2016.07.19,3255.0,10.0,3300.0,3315.0,3235.0,165124.0
1076,2016.07.18,3265.0,50.0,3225.0,3280.0,3210.0,181510.0
1077,2016.07.15,3215.0,40.0,3180.0,3325.0,3175.0,389406.0
1078,2016.07.14,3175.0,5.0,3170.0,3210.0,3150.0,98983.0
1081,2016.07.13,3170.0,30.0,3200.0,3255.0,3145.0,208298.0
1082,2016.07.12,3200.0,60.0,3300.0,3320.0,3165.0,208059.0
1083,2016.07.11,3260.0,85.0,3230.0,3285.0,3115.0,227037.0
1084,2016.07.08,3175.0,25.0,3280.0,3285.0,3145.0,129600.0
1085,2016.07.07,3200.0,80.0,3155.0,3250.0,3145.0,254850.0
1089,2016.07.06,3120.0,40.0,3120.0,3290.0,3080.0,554598.0
1090,2016.07.05,3080.0,25.0,3060.0,3090.0,3000.0,122134.0
1091,2016.07.04,3055.0,15.0,3065.0,3100.0,3040.0,124136.0
1092,2016.07.01,3040.0,40.0,3000.0,3065.0,3000.0,190313.0
1093,2016.06.30,3000.0,80.0,2950.0,3030.0,2895.0,162939.0
1096,2016.06.29,2920.0,10.0,2940.0,2970.0,2900.0,154497.0
1097,2016.06.28,2910.0,75.0,2755.0,2910.0,2755.0,134816.0
1098,2016.06.27,2835.0,130.0,2560.0,2885.0,2560.0,317256.0
1099,2016.06.24,2705.0,315.0,3065.0,3065.0,2700.0,612362.0
1100,2016.06.23,3020.0,105.0,3090.0,3100.0,2960.0,309674.0
1104,2016.06.22,3125.0,45.0,3085.0,3170.0,3080.0,233732.0
1105,2016.06.21,3080.0,20.0,3065.0,3110.0,3040.0,248928.0
1106,2016.06.20,3060.0,60.0,3010.0,3075.0,2990.0,309853.0
1107,2016.06.17,3000.0,70.0,3100.0,3170.0,2960.0,354090.0
1108,2016.06.16,3070.0,85.0,3160.0,3205.0,2980.0,526018.0
1111,2016.06.15,3155.0,120.0,3275.0,3275.0,3140.0,576094.0
1112,2016.06.14,3275.0,315.0,3590.0,3655.0,3210.0,1239978.0
1113,2016.06.13,3590.0,110.0,3480.0,3635.0,3400.0,632095.0
1114,2016.06.10,3480.0,20.0,3495.0,3580.0,3355.0,830515.0
1115,2016.06.09,3500.0,210.0,3340.0,3700.0,3295.0,3124822.0
1119,2016.06.08,3290.0,170.0,3085.0,3375.0,3085.0,805139.0
1120,2016.06.07,3120.0,40.0,3160.0,3235.0,3075.0,275139.0
1121,2016.06.03,3160.0,5.0,3200.0,3280.0,3120.0,560505.0
1122,2016.06.02,3155.0,35.0,3150.0,3170.0,3080.0,247931.0
1123,2016.06.01,3120.0,45.0,3100.0,3125.0,3050.0,283652.0
1126,2016.05.31,3075.0,25.0,3050.0,3160.0,3050.0,234213.0
1127,2016.05.30,3050.0,20.0,3025.0,3085.0,3015.0,138760.0
1128,2016.05.27,3030.0,20.0,3090.0,3090.0,2970.0,262454.0
1129,2016.05.26,3050.0,70.0,3005.0,3090.0,2985.0,151465.0
1130,2016.05.25,2980.0,10.0,3030.0,3120.0,2975.0,362361.0
1134,2016.05.24,2990.0,0.0,2985.0,3100.0,2890.0,362121.0
1135,2016.05.23,2990.0,140.0,2860.0,3145.0,2840.0,385321.0
1136,2016.05.20,2850.0,85.0,2785.0,2850.0,2770.0,95679.0
1137,2016.05.19,2765.0,20.0,2760.0,2795.0,2740.0,105533.0
1138,2016.05.18,2745.0,120.0,2840.0,2855.0,2700.0,341756.0
1141,2016.05.17,2865.0,30.0,2835.0,2950.0,2835.0,219303.0
1142,2016.05.16,2835.0,100.0,2935.0,2950.0,2830.0,190599.0
1143,2016.05.13,2935.0,5.0,2950.0,3000.0,2930.0,144633.0
1144,2016.05.12,2940.0,65.0,3000.0,3000.0,2910.0,144918.0
1145,2016.05.11,3005.0,15.0,3020.0,3070.0,2950.0,128750.0
1149,2016.05.10,2990.0,115.0,2910.0,3000.0,2885.0,140980.0
1150,2016.05.09,2875.0,165.0,3020.0,3040.0,2850.0,320261.0
1151,2016.05.04,3040.0,120.0,3215.0,3275.0,3040.0,550839.0
1152,2016.05.03,3160.0,85.0,3090.0,3165.0,3025.0,230734.0
1153,2016.05.02,3075.0,35.0,3040.0,3120.0,2980.0,311597.0
1156,2016.04.29,3040.0,35.0,3080.0,3155.0,3030.0,307949.0
1157,2016.04.28,3075.0,10.0,3050.0,3090.0,2915.0,225400.0
1158,2016.04.27,3065.0,65.0,3165.0,3265.0,3065.0,644792.0
1159,2016.04.26,3130.0,115.0,3015.0,3175.0,2995.0,732379.0
1160,2016.04.25,3015.0,5.0,3050.0,3085.0,2995.0,269837.0
1164,2016.04.22,3020.0,115.0,2905.0,3050.0,2885.0,380831.0
1165,2016.04.21,2905.0,55.0,2965.0,3020.0,2885.0,461937.0
1166,2016.04.20,2960.0,95.0,3000.0,3345.0,2905.0,4174079.0
1167,2016.04.19,2865.0,65.0,2800.0,2865.0,2785.0,268167.0
1168,2016.04.18,2800.0,25.0,2775.0,2820.0,2760.0,117567.0
1171,2016.04.15,2775.0,5.0,2730.0,2815.0,2730.0,122290.0
1172,2016.04.14,2770.0,80.0,2870.0,2870.0,2760.0,183068.0
1173,2016.04.12,2850.0,15.0,2840.0,2870.0,2800.0,119346.0
1174,2016.04.11,2865.0,85.0,2800.0,2865.0,2780.0,132648.0
1175,2016.04.08,2780.0,70.0,2820.0,2850.0,2775.0,119382.0
1179,2016.04.07,2850.0,30.0,2845.0,2855.0,2800.0,132616.0
1180,2016.04.06,2820.0,40.0,2885.0,2890.0,2800.0,222138.0
1181,2016.04.05,2860.0,85.0,2740.0,2860.0,2740.0,248391.0
1182,2016.04.04,2775.0,15.0,2790.0,2820.0,2760.0,107142.0
1183,2016.04.01,2790.0,105.0,2695.0,2815.0,2670.0,250982.0
1186,2016.03.31,2685.0,30.0,2705.0,2735.0,2655.0,94511.0
1187,2016.03.30,2715.0,45.0,2670.0,2715.0,2665.0,71404.0
1188,2016.03.29,2670.0,25.0,2645.0,2690.0,2645.0,87040.0
1189,2016.03.28,2645.0,120.0,2780.0,2800.0,2630.0,206149.0
1190,2016.03.25,2765.0,30.0,2800.0,2815.0,2740.0,98587.0
1194,2016.03.24,2795.0,25.0,2770.0,2810.0,2735.0,104159.0
1195,2016.03.23,2770.0,45.0,2800.0,2815.0,2745.0,195723.0
1196,2016.03.22,2815.0,25.0,2830.0,2880.0,2790.0,130687.0
1197,2016.03.21,2840.0,40.0,2910.0,2920.0,2795.0,132998.0
1198,2016.03.18,2880.0,10.0,2850.0,2945.0,2845.0,151329.0
1201,2016.03.17,2890.0,15.0,2900.0,2910.0,2790.0,224122.0
1202,2016.03.16,2875.0,165.0,2710.0,2890.0,2705.0,481187.0
1203,2016.03.15,2710.0,25.0,2670.0,2755.0,2670.0,114015.0
1204,2016.03.14,2685.0,30.0,2720.0,2745.0,2660.0,130183.0
1205,2016.03.11,2715.0,15.0,2750.0,2760.0,2685.0,116613.0
1209,2016.03.10,2730.0,5.0,2770.0,2800.0,2685.0,134597.0
1210,2016.03.09,2735.0,0.0,2750.0,2770.0,2685.0,124237.0
1211,2016.03.08,2735.0,25.0,2800.0,2830.0,2705.0,212290.0
1212,2016.03.07,2760.0,90.0,2670.0,2790.0,2625.0,314729.0
1213,2016.03.04,2670.0,105.0,2575.0,2895.0,2515.0,1088258.0
1216,2016.03.03,2565.0,25.0,2565.0,2580.0,2495.0,120869.0
1217,2016.03.02,2540.0,10.0,2590.0,2595.0,2530.0,95531.0
1218,2016.02.29,2550.0,75.0,2655.0,2655.0,2500.0,225208.0
1219,2016.02.26,2625.0,45.0,2700.0,2720.0,2600.0,141567.0
1220,2016.02.25,2670.0,110.0,2580.0,2710.0,2530.0,275942.0
1224,2016.02.24,2560.0,60.0,2500.0,2580.0,2420.0,188945.0
1225,2016.02.23,2500.0,80.0,2585.0,2630.0,2495.0,77491.0
1226,2016.02.22,2580.0,25.0,2610.0,2640.0,2560.0,88815.0
1227,2016.02.19,2605.0,110.0,2570.0,2605.0,2520.0,140403.0
1228,2016.02.18,2495.0,55.0,2495.0,2615.0,2460.0,241709.0
1231,2016.02.17,2440.0,50.0,2455.0,2525.0,2410.0,121978.0
1232,2016.02.16,2490.0,125.0,2340.0,2500.0,2340.0,164419.0
1233,2016.02.15,2365.0,125.0,2240.0,2375.0,2230.0,288582.0
1234,2016.02.12,2240.0,335.0,2510.0,2545.0,2240.0,661532.0
1235,2016.02.11,2575.0,250.0,2715.0,2795.0,2575.0,183811.0
1239,2016.02.05,2825.0,35.0,2900.0,2930.0,2790.0,197382.0
1240,2016.02.04,2860.0,85.0,2775.0,2900.0,2775.0,268227.0
1241,2016.02.03,2775.0,10.0,2730.0,2780.0,2655.0,168579.0
1242,2016.02.02,2785.0,15.0,2765.0,2825.0,2750.0,100201.0
1243,2016.02.01,2800.0,40.0,2770.0,2825.0,2745.0,191640.0
1246,2016.01.29,2760.0,45.0,2715.0,2820.0,2710.0,349637.0
1247,2016.01.28,2715.0,75.0,2640.0,2720.0,2580.0,179777.0
1248,2016.01.27,2640.0,15.0,2745.0,2790.0,2560.0,395778.0
1249,2016.01.26,2655.0,45.0,2685.0,2755.0,2600.0,215170.0
1250,2016.01.25,2700.0,5.0,2790.0,2790.0,2570.0,184149.0
1254,2016.01.22,2705.0,65.0,2665.0,2760.0,2645.0,197435.0
1255,2016.01.21,2640.0,70.0,2660.0,2750.0,2510.0,251801.0
1256,2016.01.20,2710.0,110.0,2840.0,2875.0,2595.0,506347.0
1257,2016.01.19,2820.0,95.0,2870.0,2900.0,2785.0,395246.0
1258,2016.01.18,2915.0,95.0,2925.0,2965.0,2850.0,362281.0
1261,2016.01.15,3010.0,55.0,3075.0,3100.0,2990.0,459308.0
1262,2016.01.14,3065.0,40.0,2990.0,3145.0,2950.0,512012.0
1263,2016.01.13,3025.0,85.0,3155.0,3185.0,3000.0,698306.0
1264,2016.01.12,3110.0,50.0,3225.0,3410.0,3050.0,2336456.0
1265,2016.01.11,3160.0,200.0,3010.0,3180.0,2900.0,1153242.0
1269,2016.01.08,2960.0,45.0,2850.0,3075.0,2850.0,724925.0
1270,2016.01.07,3005.0,155.0,2830.0,3350.0,2830.0,3649920.0
1271,2016.01.06,2850.0,60.0,2920.0,2990.0,2800.0,410204.0
1272,2016.01.05,2910.0,10.0,2860.0,2950.0,2800.0,555720.0
1273,2016.01.04,2900.0,160.0,3070.0,3090.0,2900.0,590352.0
1276,2015.12.30,3060.0,140.0,2960.0,3170.0,2955.0,1255202.0
1277,2015.12.29,2920.0,0.0,2940.0,3050.0,2895.0,664888.0
1278,2015.12.28,2920.0,120.0,3100.0,3160.0,2890.0,1027283.0
1279,2015.12.24,3040.0,120.0,3265.0,3400.0,2990.0,2787938.0
1280,2015.12.23,3160.0,155.0,3005.0,3390.0,2955.0,4638704.0
1284,2015.12.22,3005.0,155.0,2950.0,3570.0,2840.0,7866648.0
1285,2015.12.21,2850.0,5.0,2855.0,2935.0,2740.0,2322585.0
1286,2015.12.18,2855.0,30.0,3050.0,3130.0,2750.0,6055784.0
1287,2015.12.17,2885.0,665.0,2245.0,2885.0,2225.0,5559209.0
1288,2015.12.16,2220.0,80.0,2150.0,2250.0,2150.0,134251.0
1291,2015.12.15,2140.0,5.0,2130.0,2175.0,2110.0,55409.0
1292,2015.12.14,2145.0,100.0,2205.0,2245.0,2100.0,209533.0
1293,2015.12.11,2245.0,10.0,2240.0,2270.0,2220.0,132085.0
1294,2015.12.10,2235.0,5.0,2225.0,2280.0,2210.0,206940.0
1295,2015.12.09,2230.0,90.0,2340.0,2345.0,2225.0,281800.0
1299,2015.12.08,2320.0,150.0,2425.0,2465.0,2315.0,233756.0
1300,2015.12.07,2470.0,20.0,2490.0,2525.0,2445.0,128071.0
1301,2015.12.04,2490.0,40.0,2420.0,2500.0,2400.0,109159.0
1302,2015.12.03,2450.0,30.0,2500.0,2605.0,2450.0,256955.0
1303,2015.12.02,2480.0,85.0,2395.0,2500.0,2380.0,115808.0
1306,2015.12.01,2395.0,30.0,2365.0,2430.0,2365.0,87339.0
1307,2015.11.30,2365.0,90.0,2460.0,2465.0,2340.0,159594.0
1308,2015.11.27,2455.0,60.0,2520.0,2520.0,2405.0,185178.0
1309,2015.11.26,2515.0,90.0,2470.0,2630.0,2465.0,867174.0
1310,2015.11.25,2425.0,105.0,2340.0,2470.0,2295.0,326937.0
1314,2015.11.24,2320.0,0.0,2305.0,2345.0,2260.0,151482.0
1315,2015.11.23,2320.0,10.0,2305.0,2360.0,2295.0,120331.0
1316,2015.11.20,2310.0,25.0,2335.0,2355.0,2285.0,89830.0
1317,2015.11.19,2335.0,65.0,2280.0,2360.0,2275.0,145943.0
1318,2015.11.18,2270.0,0.0,2270.0,2335.0,2265.0,90282.0
1321,2015.11.17,2270.0,80.0,2200.0,2290.0,2200.0,79706.0
1322,2015.11.16,2190.0,110.0,2250.0,2255.0,2175.0,173462.0
1323,2015.11.13,2300.0,40.0,2310.0,2320.0,2215.0,285445.0
1324,2015.11.12,2340.0,80.0,2425.0,2445.0,2340.0,161904.0
1325,2015.11.11,2420.0,70.0,2355.0,2420.0,2350.0,110572.0
1329,2015.11.10,2350.0,165.0,2545.0,2545.0,2330.0,382739.0
1330,2015.11.09,2515.0,95.0,2640.0,2700.0,2510.0,287218.0
1331,2015.11.06,2610.0,55.0,2690.0,2690.0,2610.0,278308.0
1332,2015.11.05,2665.0,60.0,2645.0,2705.0,2590.0,396865.0
1333,2015.11.04,2605.0,135.0,2470.0,2655.0,2450.0,574063.0
1336,2015.11.03,2470.0,15.0,2485.0,2525.0,2470.0,160085.0
1337,2015.11.02,2485.0,25.0,2450.0,2515.0,2450.0,84686.0
1338,2015.10.30,2460.0,50.0,2485.0,2510.0,2460.0,127335.0
1339,2015.10.29,2510.0,5.0,2535.0,2535.0,2470.0,205500.0
1340,2015.10.28,2505.0,50.0,2465.0,2505.0,2450.0,287739.0
1344,2015.10.27,2455.0,5.0,2470.0,2510.0,2450.0,230367.0
1345,2015.10.26,2460.0,40.0,2510.0,2525.0,2440.0,303536.0
1346,2015.10.23,2500.0,40.0,2550.0,2585.0,2480.0,185397.0
1347,2015.10.22,2540.0,10.0,2555.0,2620.0,2535.0,136245.0
1348,2015.10.21,2550.0,45.0,2595.0,2620.0,2540.0,250588.0
1351,2015.10.20,2595.0,55.0,2650.0,2700.0,2575.0,158141.0
1352,2015.10.19,2650.0,35.0,2685.0,2740.0,2645.0,171461.0
1353,2015.10.16,2685.0,40.0,2670.0,2720.0,2645.0,256305.0
1354,2015.10.15,2645.0,15.0,2670.0,2780.0,2630.0,324974.0
1355,2015.10.14,2660.0,100.0,2590.0,2790.0,2525.0,831551.0
1359,2015.10.13,2560.0,40.0,2620.0,2650.0,2525.0,296901.0
1360,2015.10.12,2600.0,45.0,2560.0,2625.0,2555.0,193815.0
1361,2015.10.08,2555.0,35.0,2610.0,2670.0,2555.0,211385.0
1362,2015.10.07,2590.0,30.0,2560.0,2715.0,2500.0,405961.0
1363,2015.10.06,2560.0,125.0,2450.0,2675.0,2440.0,699202.0
1366,2015.10.05,2435.0,35.0,2410.0,2455.0,2405.0,118184.0
1367,2015.10.02,2400.0,50.0,2425.0,2465.0,2395.0,155970.0
1368,2015.10.01,2450.0,60.0,2420.0,2465.0,2400.0,158327.0
1369,2015.09.30,2390.0,80.0,2425.0,2440.0,2345.0,184814.0
1370,2015.09.25,2470.0,90.0,2590.0,2590.0,2465.0,242607.0
1374,2015.09.24,2560.0,5.0,2585.0,2605.0,2510.0,284226.0
1375,2015.09.23,2555.0,55.0,2470.0,2665.0,2470.0,526897.0
1376,2015.09.22,2500.0,75.0,2430.0,2530.0,2425.0,277345.0
1377,2015.09.21,2425.0,55.0,2470.0,2470.0,2380.0,141592.0
1378,2015.09.18,2480.0,60.0,2495.0,2510.0,2420.0,131096.0
1381,2015.09.17,2420.0,60.0,2500.0,2510.0,2415.0,153627.0
1382,2015.09.16,2480.0,100.0,2420.0,2500.0,2420.0,221966.0
1383,2015.09.15,2380.0,70.0,2300.0,2450.0,2280.0,382080.0
1384,2015.09.14,2310.0,25.0,2310.0,2365.0,2285.0,122956.0
1385,2015.09.11,2285.0,35.0,2310.0,2350.0,2285.0,80771.0
1389,2015.09.10,2320.0,5.0,2295.0,2330.0,2255.0,94002.0
1390,2015.09.09,2315.0,105.0,2245.0,2320.0,2245.0,183608.0
1391,2015.09.08,2210.0,80.0,2295.0,2340.0,2160.0,363561.0
1392,2015.09.07,2290.0,90.0,2360.0,2400.0,2285.0,232200.0
1393,2015.09.04,2380.0,140.0,2530.0,2530.0,2365.0,355211.0
1396,2015.09.03,2520.0,170.0,2375.0,2625.0,2360.0,941255.0
1397,2015.09.02,2350.0,65.0,2220.0,2365.0,2215.0,217855.0
1398,2015.09.01,2285.0,75.0,2340.0,2390.0,2285.0,140629.0
1399,2015.08.31,2360.0,25.0,2385.0,2435.0,2300.0,223713.0
1400,2015.08.28,2385.0,115.0,2315.0,2400.0,2170.0,329194.0
1404,2015.08.27,2270.0,25.0,2330.0,2345.0,2220.0,198902.0
1405,2015.08.26,2245.0,45.0,2170.0,2320.0,2165.0,215496.0
1406,2015.08.25,2200.0,160.0,2085.0,2220.0,2015.0,343375.0
1407,2015.08.24,2040.0,25.0,1955.0,2160.0,1955.0,353087.0
1408,2015.08.21,2065.0,215.0,2100.0,2205.0,1980.0,493678.0
1411,2015.08.20,2280.0,40.0,2220.0,2380.0,2220.0,242135.0
1412,2015.08.19,2240.0,135.0,2330.0,2375.0,2130.0,541365.0
1413,2015.08.18,2375.0,190.0,2540.0,2565.0,2340.0,309974.0
1414,2015.08.17,2565.0,5.0,2585.0,2700.0,2510.0,297430.0
1415,2015.08.13,2560.0,75.0,2485.0,2565.0,2470.0,186816.0
1419,2015.08.12,2485.0,95.0,2590.0,2595.0,2410.0,373259.0
1420,2015.08.11,2580.0,105.0,2705.0,2740.0,2580.0,311032.0
1421,2015.08.10,2685.0,10.0,2800.0,2830.0,2670.0,655680.0
1422,2015.08.07,2675.0,20.0,2655.0,2695.0,2615.0,357305.0
1423,2015.08.06,2655.0,15.0,2675.0,2715.0,2600.0,730704.0
1426,2015.08.05,2640.0,5.0,2680.0,2720.0,2635.0,791175.0
1427,2015.08.04,2635.0,105.0,2715.0,2730.0,2550.0,1299272.0
1428,2015.08.03,2740.0,600.0,3270.0,3330.0,2710.0,2273411.0
1429,2015.07.31,3340.0,60.0,3280.0,3375.0,3185.0,138094.0
1430,2015.07.30,3280.0,165.0,3445.0,3555.0,3280.0,144258.0
1434,2015.07.29,3445.0,0.0,3590.0,3595.0,3420.0,149047.0
1435,2015.07.28,3445.0,80.0,3400.0,3495.0,3300.0,322513.0
1436,2015.07.27,3525.0,175.0,3635.0,3735.0,3525.0,219891.0
1437,2015.07.24,3700.0,30.0,3730.0,3750.0,3630.0,226939.0
1438,2015.07.23,3730.0,65.0,3650.0,3745.0,3645.0,285251.0
1441,2015.07.22,3665.0,45.0,3710.0,3725.0,3610.0,156150.0
1442,2015.07.21,3710.0,25.0,3670.0,3725.0,3635.0,190620.0
1443,2015.07.20,3685.0,85.0,3650.0,3745.0,3595.0,326587.0
1444,2015.07.17,3600.0,65.0,3575.0,3700.0,3575.0,422317.0
1445,2015.07.16,3535.0,45.0,3500.0,3585.0,3460.0,342532.0
1449,2015.07.15,3490.0,85.0,3605.0,3640.0,3465.0,424271.0
1450,2015.07.14,3575.0,75.0,3545.0,3650.0,3515.0,349231.0
1451,2015.07.13,3500.0,115.0,3390.0,3500.0,3345.0,330616.0
1452,2015.07.10,3385.0,40.0,3385.0,3465.0,3250.0,321536.0
1453,2015.07.09,3345.0,105.0,3400.0,3445.0,3150.0,473350.0
1456,2015.07.08,3450.0,55.0,3510.0,3610.0,3380.0,419553.0
1457,2015.07.07,3505.0,205.0,3740.0,3930.0,3475.0,1052905.0
1458,2015.07.06,3710.0,90.0,3780.0,3890.0,3710.0,326900.0
1459,2015.07.03,3800.0,120.0,3920.0,3970.0,3780.0,534276.0
1460,2015.07.02,3920.0,25.0,3920.0,3985.0,3905.0,396030.0
1464,2015.07.01,3945.0,45.0,3925.0,4060.0,3900.0,480867.0
1465,2015.06.30,3900.0,40.0,3835.0,3955.0,3660.0,459283.0
1466,2015.06.29,3940.0,150.0,3990.0,4195.0,3940.0,530280.0
1467,2015.06.26,4090.0,100.0,3990.0,4345.0,3960.0,1005194.0
1468,2015.06.25,3990.0,70.0,4100.0,4100.0,3925.0,503429.0
1471,2015.06.24,4060.0,85.0,3955.0,4115.0,3955.0,401584.0
1472,2015.06.23,3975.0,130.0,4170.0,4185.0,3975.0,524627.0
1473,2015.06.22,4105.0,15.0,4150.0,4160.0,4035.0,341321.0
1474,2015.06.19,4090.0,55.0,4050.0,4250.0,4030.0,418056.0
1475,2015.06.18,4035.0,30.0,4065.0,4125.0,3985.0,393913.0
1479,2015.06.17,4065.0,105.0,4000.0,4065.0,3905.0,347441.0
1480,2015.06.16,3960.0,60.0,3800.0,4150.0,3800.0,641355.0
1481,2015.06.15,3900.0,350.0,4090.0,4180.0,3750.0,654395.0
1482,2015.06.12,4250.0,275.0,4525.0,4750.0,4250.0,1231884.0
1483,2015.06.11,4525.0,155.0,4740.0,4740.0,4505.0,787981.0
